Average: 0.5087813216877967
Variance: 0.0814683788383912
Standard Deviation: 0.28542666105041975
